120
135
144
146
160
190
184
170
236
188
200
215
208
212
220
220
233
233
253
266
292
272
271
279
285
282
288
289
295
300
315
315
321
321
326
340
333
368
336
347
344
347
347
347
347
360
358
358
366
369
369
371
372
376
375
374
379
382
384
390
393
394
401
406
411
410
417
422
417
473
424
429
450
436
443
462
454
466
481
474
486
486
496
499
513
513
521
526
534
539
539
547
541
547
577
557
563
557
566
572
566
576
583
599
585
585
591
601
600
609
609
608
614
640
635
629
652
650
234
149
288
188
209
130
216
300
300
69
80
162
222
64
233
78
120
213
192
334
118
211
353
347
161
230
341
224
230
321
309
78
228
116
151
323
62
118
207
38
88
157
195
230
263
92
208
312
306
379
189
262
315
157
195
230
311
384
208
314
378
214
342
337
184
341
325
377
191
114
239
246
216
347
313
383
332
346
160
271
212
259
254
184
251
387
268
191
354
153
207
255
301
372
190
290
334
376
312
274
371
375
321
266
368
390
372
309
356
148
203
361
338
381
191
289
260
302
